0 0 0 0 0 0 0 0 0 0 0 0 0 0 0
0 0 0 0 -0.65 0 0 0 0 0 0 0 0 0 0
0 0 0 0 -0.585 0 0 0 0 0 0 0 0 0 0
0 0 0 0 -0.52 0 0 0 0 0 0 0 0 0 0
0 0 0 0 -0.455 0 0 0 0 0 0 0 0 0 0
0 0 0 0 -0.39 0 0 0 0 0 0 0 0 0 0
0 0 0 0 -0.325 0 0 0 0 0 0 0 0 0 0
0 0 0 0 -0.26 0 0 0 0 0 0 0 0 0 0
0 0 0 0 -0.195 0 0 0 0 0 0 0 0 0 0
0 0 0 0 -0.13 0 0 0 0 0 0 0 0 0 0
0 0 0 0 -0.065 0 0 0 0 0 0 0 0 0 0
0 0 0 0 0 0 0 0 0 0 0 0 0 0 0
0 0 0 0 0.065 0 0 0 0 0 0 0 0 0 0
0 0 0 0 0.13 0 0 0 0 0 0 0 0 0 0
0 0 0 0 0.195 0 0 0 0 0 0 0 0 0 0
0 0 0 0 0.26 0 0 0 0 0 0 0 0 0 0
0 0 0 0 0.325 0 0 0 0 0 0 0 0 0 0
0 0 0 0 0.39 0 0 0 0 0 0 0 0 0 0
0 0 0 0 0.455 0 0 0 0 0 0 0 0 0 0
0 0 0 0 0.52 0 0 0 0 0 0 0 0 0 0
0 0 0 0 0.585 0 0 0 0 0 0 0 0 0 0
0 0 0 0 0.65 0 0 0 0 0 0 0 0 0 0
